,Method,F_Mip_Gap,F_Time_Passed,F_Obj_Val,F_Norm_Obj_Val,L_Mip_Gap,L_Time_Passed,L_Obj_Val,L_Norm_Obj_Val
1,mip_wi,42.72685769812025,300.06207847595215,395821.7917419282,0.7001213257733444,42.72685769812025,300.06207847595215,395821.7917419282,0.7001213257733444
2,mip,96.52497173613482,300.110631942749,287572.6146096058,0.508652440055279,96.52497173613482,300.110631942749,287572.6146096058,0.508652440055279
7,mip_wi,82.20115146359231,300.1958465576172,335463.9821544713,0.5486134353698239,82.20115146359231,300.1958465576172,335463.9821544713,0.5486134353698239
8,mip,95.78142484903192,300.03271865844727,312274.1078953542,0.5106890164757852,95.78142484903192,300.03271865844727,312274.1078953542,0.5106890164757852
13,mip_wi,51.625415346169426,300.0667304992676,370709.58234519983,0.6585265337475309,51.625415346169426,300.0667304992676,370709.58234519983,0.6585265337475309
14,mip,68.21649739788609,300.08728218078613,334522.8459561883,0.5942446073642488,68.21649739788609,300.08728218078613,334522.8459561883,0.5942446073642488
19,mip_wi,42.17246307193358,300.18859481811523,405968.57497273415,0.7032823212850995,42.17246307193358,300.18859481811523,405968.57497273415,0.7032823212850995
20,mip,38.76780816281727,300.18670654296875,415662.1784732065,0.7200750988341683,38.76780816281727,300.18670654296875,415662.1784732065,0.7200750988341683
25,mip_wi,71.93234371462903,300.04805183410645,350635.63134459645,0.5810685954922667,71.93234371462903,300.04805183410645,350635.63134459645,0.5810685954922667
26,mip,48.22499152184705,300.0998706817627,407024.1295989003,0.674514847251961,48.22499152184705,300.0998706817627,407024.1295989003,0.674514847251961
31,mip_wi,79.77605464938182,300.10069274902344,308481.1839372956,0.5557956162091215,79.77605464938182,300.10069274902344,308481.1839372956,0.5557956162091215
32,mip,75.90095403466037,300.05368423461914,315445.2361640462,0.5683428634975206,75.90095403466037,300.05368423461914,315445.2361640462,0.5683428634975206
37,mip_wi,41.6809162042258,300.0973815917969,420197.92997330707,0.7052886577247014,41.6809162042258,300.0973815917969,420197.92997330707,0.7052886577247014
38,mip,54.28279884476913,300.1728286743164,386098.9818136086,0.6480546742567066,54.28279884476913,300.1728286743164,386098.9818136086,0.6480546742567066
43,mip_wi,82.75597934533543,300.0479431152344,342334.11146913347,0.5464448926991082,82.75597934533543,300.0479431152344,342334.11146913347,0.5464448926991082
44,mip,69.51661449595623,300.20697021484375,369300.92472968757,0.5894902010248286,69.51661449595623,300.20697021484375,369300.92472968757,0.5894902010248286
49,mip_wi,63.88202365824147,300.1458282470703,362643.3275251797,0.6095861295051692,63.88202365824147,300.1458282470703,362643.3275251797,0.6095861295051692
50,mip,88.88299041349569,300.1318016052246,314916.6205625282,0.5293598124516172,88.88299041349569,300.1318016052246,314916.6205625282,0.5293598124516172
55,mip_wi,63.08267470187848,300.07100105285645,346408.414077581,0.6124363749751643,63.08267470187848,300.07100105285645,346408.414077581,0.6124363749751643
56,mip,66.63288291794953,300.66426849365234,339372.34119180747,0.5999968764032297,66.63288291794953,300.66426849365234,339372.34119180747,0.5999968764032297
61,mip_wi,67.74882994719643,300.0971164703369,365492.3769565994,0.5960457920302973,67.74882994719643,300.0971164703369,365492.3769565994,0.5960457920302973
62,mip,103.03277392857085,300.12293434143066,301984.09195068537,0.49247633771762667,103.03277392857085,300.12293434143066,301984.09195068537,0.49247633771762667
67,mip_wi,122.08513138441546,300.1057243347168,292697.15208952746,0.45008661243616827,122.08513138441546,300.1057243347168,292697.15208952746,0.45008661243616827
68,mip,183.62546465049266,300.0510196685791,229258.5008259689,0.35253565424986844,183.62546465049266,300.0510196685791,229258.5008259689,0.35253565424986844
73,mip_wi,111.48911506045312,300.21712493896484,274554.3048113993,0.4724768557990474,111.48911506045312,300.21712493896484,274554.3048113993,0.4724768557990474
74,mip,509.3200883377064,300.0799674987793,95354.68636937308,0.16409461302183564,509.3200883377064,300.0799674987793,95354.68636937308,0.16409461302183564
79,mip_wi,147.84204653026737,300.0556049346924,268020.38557986513,0.40343413314952314,147.84204653026737,300.0556049346924,268020.38557986513,0.40343413314952314
80,mip,550.6552630506031,300.05408096313477,102096.77985546863,0.1536798247239109,550.6552630506031,300.05408096313477,102096.77985546863,0.1536798247239109
85,mip_wi,122.62660307789137,300.0626049041748,292990.604578254,0.44886851975489683,122.62660307789137,300.0626049041748,292990.604578254,0.44886851975489683
86,mip,194.46668918823278,300.088586807251,221636.5934538931,0.3395524910103236,194.46668918823278,300.088586807251,221636.5934538931,0.3395524910103236
91,mip_wi,55.038079094649625,300.05259132385254,384588.7917739414,0.6438016947576586,55.038079094649625,300.05259132385254,384588.7917739414,0.6438016947576586
92,mip,198.2391944903472,300.03842544555664,200259.79384692313,0.33523492475113825,198.2391944903472,300.03842544555664,200259.79384692313,0.33523492475113825
97,mip_wi,84.97943187821922,300.0470199584961,336971.7345522527,0.5402478123951072,84.97943187821922,300.0470199584961,336971.7345522527,0.5402478123951072
98,mip,217.3046904332853,300.10234451293945,196444.7482051941,0.3149488060634559,217.3046904332853,300.10234451293945,196444.7482051941,0.3149488060634559
103,mip_wi,39.71790065057365,300.10399436950684,418127.306193447,0.7154644046369202,39.71790065057365,300.10399436950684,418127.306193447,0.7154644046369202
104,mip,33.70194176051898,300.14699935913086,436941.1247010868,0.7476570341498275,33.70194176051898,300.14699935913086,436941.1247010868,0.7476570341498275
109,mip_wi,102.08473351008624,301.8918685913086,326680.8907628708,0.4945071285606118,102.08473351008624,301.8918685913086,326680.8907628708,0.4945071285606118
110,mip,734.2184319437788,300.06464195251465,79181.2743977679,0.11985918290712697,734.2184319437788,300.06464195251465,79181.2743977679,0.11985918290712697
115,mip_wi,51.41218213309913,300.0595111846924,406016.60200570204,0.6602319115902009,51.41218213309913,300.0595111846924,406016.60200570204,0.6602319115902009
116,mip,94.39672135299809,300.2303161621094,316249.71711041284,0.5142601416696152,94.39672135299809,300.2303161621094,316249.71711041284,0.5142601416696152
121,mip_wi,45.462027248861986,300.05414962768555,393606.896884829,0.6869195538005402,45.462027248861986,300.05414962768555,393606.896884829,0.6869195538005402
122,mip,58.050812529765295,300.0783634185791,362484.74593905103,0.6326054292001212,58.050812529765295,300.0783634185791,362484.74593905103,0.6326054292001212
127,mip_wi,42.72952267197274,300.1356601715088,397493.64938478236,0.6996301992539458,42.72952267197274,300.1356601715088,397493.64938478236,0.6996301992539458
128,mip,300.8804161798817,300.05709075927734,141670.79604280443,0.2493553479843016,300.8804161798817,300.05709075927734,141670.79604280443,0.2493553479843016
133,mip_wi,61.43053502252426,300.19234466552734,393195.7649187703,0.6190209012875099,61.43053502252426,300.19234466552734,393195.7649187703,0.6190209012875099
134,mip,146.2415107794065,300.18509674072266,257907.48059662103,0.4060321481862684,146.2415107794065,300.18509674072266,257907.48059662103,0.4060321481862684
139,mip_wi,35.41521794099339,300.1023483276367,427683.5305271547,0.7376233955414108,35.41521794099339,300.1023483276367,427683.5305271547,0.7376233955414108
140,mip,76.14445345381039,300.0681686401367,328540.2285025638,0.5666314964742963,76.14445345381039,300.0681686401367,328540.2285025638,0.5666314964742963
145,mip_wi,121.96255984283016,300.0608615875244,300035.1395745247,0.45005392004046246,121.96255984283016,300.0608615875244,300035.1395745247,0.45005392004046246
146,mip,50.39405651310086,300.3248996734619,442820.3669242743,0.6642323372210336,50.39405651310086,300.3248996734619,442820.3669242743,0.6642323372210336
151,mip_wi,94.56418237217893,300.05113220214844,339036.41985176346,0.5137188684764953,94.56418237217893,300.05113220214844,339036.41985176346,0.5137188684764953
152,mip,59.08960792503994,300.09833908081055,414555.29294663965,0.6281474896018667,59.08960792503994,300.09833908081055,414555.29294663965,0.6281474896018667
157,mip_wi,62.748093798951956,300.226655960083,390727.36565779016,0.6138390705663482,62.748093798951956,300.226655960083,390727.36565779016,0.6138390705663482
158,mip,94.5981449295984,300.09655952453613,327062.468664418,0.5138204779798714,94.5981449295984,300.09655952453613,327062.468664418,0.5138204779798714
163,mip_wi,44.690992356565275,300.17122077941895,410385.1780491266,0.6904450233113301,44.690992356565275,300.17122077941895,410385.1780491266,0.6904450233113301
164,mip,69.56946825812243,300.05835151672363,350473.56274133245,0.5896478238986906,69.56946825812243,300.05835151672363,350473.56274133245,0.5896478238986906
169,mip_wi,52.025275847310645,300.096830368042,371153.8896165661,0.656833461006011,52.025275847310645,300.096830368042,371153.8896165661,0.656833461006011
170,mip,55.48211939616788,300.0551452636719,363245.3310760427,0.642837633337043,55.48211939616788,300.0551452636719,363245.3310760427,0.642837633337043
175,mip_wi,51.0227751425001,301.5094356536865,379942.16434259654,0.6620517151659685,51.0227751425001,301.5094356536865,379942.16434259654,0.6620517151659685
176,mip,107.03475802422844,300.47076988220215,277028.8800111269,0.48272464173387736,107.03475802422844,300.47076988220215,277028.8800111269,0.48272464173387736
181,mip_wi,49.77725561227939,300.068660736084,391001.6301676874,0.6671442665724953,49.77725561227939,300.068660736084,391001.6301676874,0.6671442665724953
182,mip,199.3586031632461,300.0520648956299,195756.3536938874,0.33400814455941147,199.3586031632461,300.0520648956299,195756.3536938874,0.33400814455941147
187,mip_wi,51.92471984129682,300.0556697845459,385356.8531758726,0.6579563524703231,51.92471984129682,300.0556697845459,385356.8531758726,0.6579563524703231
188,mip,400.383892570395,300.06103134155273,117028.00804399088,0.19981303219317664,400.383892570395,300.06103134155273,117028.00804399088,0.19981303219317664
193,mip_wi,67.05811252407233,300.06047439575195,378777.490810373,0.5977991104734658,67.05811252407233,300.06047439575195,378777.490810373,0.5977991104734658
194,mip,82.29746859033496,300.06385040283203,347096.12631967996,0.547798537655364,82.29746859033496,300.06385040283203,347096.12631967996,0.547798537655364
199,mip_wi,102.13653356999646,301.52990531921387,314585.8159976649,0.4943639753211895,102.13653356999646,301.52990531921387,314585.8159976649,0.4943639753211895
200,mip,53.381027663863456,300.10412788391113,414565.95209405414,0.6514803328308727,53.381027663863456,300.10412788391113,414565.95209405414,0.6514803328308727
205,mip_wi,50.93784510005591,300.0351753234863,380903.2496214736,0.6620234125626111,50.93784510005591,300.0351753234863,380903.2496214736,0.6620234125626111
206,mip,38.48067424762904,300.0974006652832,415444.6740155325,0.7220576382481436,38.48067424762904,300.0974006652832,415444.6740155325,0.7220576382481436
211,mip_wi,66.47035535163718,300.0509090423584,344047.99065545254,0.6002672417268289,66.47035535163718,300.0509090423584,344047.99065545254,0.6002672417268289
212,mip,75.9216835089554,300.10165786743164,325567.9747492671,0.5680247974272983,75.9216835089554,300.10165786743164,325567.9747492671,0.5680247974272983
217,mip_wi,121.93876350428631,300.05837631225586,296442.8713890255,0.4504497215489173,121.93876350428631,300.05837631225586,296442.8713890255,0.4504497215489173
218,mip,126.71230481654435,300.117223739624,290111.6633269086,0.4408293488434248,126.71230481654435,300.117223739624,290111.6633269086,0.4408293488434248
223,mip_wi,52.51157151929468,300.0723361968994,380795.9762727235,0.655189358989063,52.51157151929468,300.0723361968994,380795.9762727235,0.655189358989063
224,mip,87.92375650912358,300.07633209228516,309039.1222929687,0.5317260608149352,87.92375650912358,300.07633209228516,309039.1222929687,0.5317260608149352
229,mip_wi,47.03085312516839,300.8532543182373,383803.86940876726,0.679567278142115,47.03085312516839,300.8532543182373,383803.86940876726,0.679567278142115
230,mip,45.31074222333455,300.0633659362793,388368.2031832355,0.6876489368404123,45.31074222333455,300.0633659362793,388368.2031832355,0.6876489368404123
235,mip_wi,49.45088089483511,300.1012649536133,394446.31531144783,0.6681651800671479,49.45088089483511,300.1012649536133,394446.31531144783,0.6681651800671479
236,mip,52.00881587581,300.1381645202637,387854.81739021523,0.6569996317415788,52.00881587581,300.1381645202637,387854.81739021523,0.6569996317415788
241,mip_wi,64.67333713298851,300.0673542022705,353006.809412782,0.6065039141818783,64.67333713298851,300.0673542022705,353006.809412782,0.6065039141818783
242,mip,98.04472385703362,300.5764636993408,293455.2930399715,0.5041879621591466,98.04472385703362,300.5764636993408,293455.2930399715,0.5041879621591466
247,mip_wi,99.48935106242105,301.85041427612305,328241.33883445046,0.5010084139964662,99.48935106242105,301.85041427612305,328241.33883445046,0.5010084139964662
248,mip,418.3980617011643,300.1043071746826,126348.11088745476,0.19285037915074935,418.3980617011643,300.1043071746826,126348.11088745476,0.19285037915074935
253,mip_wi,69.84594460852792,300.1808795928955,366298.8158638977,0.5883463846400958,69.84594460852792,300.1808795928955,366298.8158638977,0.5883463846400958
254,mip,61.381056055937265,300.7672710418701,385516.3319102723,0.6192134134099857,61.381056055937265,300.7672710418701,385516.3319102723,0.6192134134099857
259,mip_wi,50.30408241598663,300.16144943237305,382301.1212027571,0.664789877376714,50.30408241598663,300.16144943237305,382301.1212027571,0.664789877376714
260,mip,55.90536497662949,300.05443954467773,368538.1870217083,0.6408572786498828,55.90536497662949,300.05443954467773,368538.1870217083,0.6408572786498828
265,mip_wi,49.22572810130631,300.0583801269531,423205.9762779965,0.6696167772949382,49.22572810130631,300.0583801269531,423205.9762779965,0.6696167772949382
266,mip,118.75437221774652,300.10405921936035,288887.6881147999,0.45709194472373793,118.75437221774652,300.10405921936035,288887.6881147999,0.45709194472373793
271,mip_wi,29.945000812236263,300.0973720550537,427232.4646655952,0.768627212990889,29.945000812236263,300.0973720550537,427232.4646655952,0.768627212990889
272,mip,37.80739041682198,300.0478687286377,403283.85709514795,0.7255416494762029,37.80739041682198,300.0478687286377,403283.85709514795,0.7255416494762029
277,mip_wi,91.9721670350747,300.2901134490967,330424.1205420703,0.5208618952517753,91.9721670350747,300.2901134490967,330424.1205420703,0.5208618952517753
278,mip,324.1898764360401,300.04785919189453,149532.92300257023,0.2357152424280718,324.1898764360401,300.04785919189453,149532.92300257023,0.2357152424280718
283,mip_wi,61.23943286592956,300.35011863708496,389548.3482874026,0.6197576049329299,61.23943286592956,300.35011863708496,389548.3482874026,0.6197576049329299
284,mip,81.82843559054005,300.31848907470703,345437.43471713364,0.5495787060468184,81.82843559054005,300.31848907470703,345437.43471713364,0.5495787060468184
289,mip_wi,136.1474744102883,300.05884170532227,276525.8391877726,0.42330870487006356,136.1474744102883,300.05884170532227,276525.8391877726,0.42330870487006356
290,mip,121.55071962442629,300.08947372436523,294648.2813240608,0.4510507326397926,121.55071962442629,300.08947372436523,294648.2813240608,0.4510507326397926
295,mip_wi,82.07421856121464,300.0742816925049,338374.7068716164,0.5484777483174853,82.07421856121464,300.0742816925049,338374.7068716164,0.5484777483174853
296,mip,94.60541325232049,300.4820022583008,316596.54267477395,0.5131771238363989,94.60541325232049,300.4820022583008,316596.54267477395,0.5131771238363989
