,Method,F_Mip_Gap,F_Time_Passed,F_Obj_Val,F_Norm_Obj_Val,L_Mip_Gap,L_Time_Passed,L_Obj_Val,L_Norm_Obj_Val
1,mip_wi,174.15045920871245,3.921510696411133,221723.63526459708,0.36474400450740196,174.15045920871245,3.921510696411133,221723.63526459708,0.36474400450740196
2,mip,534.8586482659694,1.2184200286865234,-139789.87515081977,-0.22995978210105153,534.8586482659694,1.2184200286865234,-139789.87515081977,-0.22995978210105153
4,mip_wi,361.78415574451856,3.5332584381103516,143552.2657145417,0.21654018046296278,361.78415574451856,3.5332584381103516,143552.2657145417,0.21654018046296278
5,mip,645.5355335900698,1.0622596740722656,-121520.21055341391,-0.18330611636224353,645.5355335900698,1.0622596740722656,-121520.21055341391,-0.18330611636224353
7,mip_wi,107.16970094124878,2.7209014892578125,275674.87351041276,0.4826748840419053,107.16970094124878,2.7209014892578125,275674.87351041276,0.4826748840419053
8,mip,542.9688954827503,1.0466365814208984,-128934.53287840149,-0.2257494849407412,542.9688954827503,1.0466365814208984,-128934.53287840149,-0.2257494849407412
10,mip_wi,154.8389091264473,2.9680099487304688,228498.38293830733,0.39238696984212146,154.8389091264473,2.9680099487304688,228498.38293830733,0.39238696984212146
11,mip,2582.1382060670803,76.31658554077148,21709.709508987493,0.037280820200308575,2582.1382060670803,76.31658554077148,21709.709508987493,0.037280820200308575
13,mip_wi,86.36995067709718,2.5646743774414062,316293.4429126865,0.536542695185969,86.36995067709718,2.5646743774414062,316293.4429126865,0.536542695185969
14,mip,511.65830624316146,0.8591327667236328,-143201.97883895022,-0.24291991314984243,511.65830624316146,0.8591327667236328,-143201.97883895022,-0.24291991314984243
16,mip_wi,214.53860703446983,3.2050743103027344,191670.11146560922,0.3179093135096387,214.53860703446983,3.2050743103027344,191670.11146560922,0.3179093135096387
17,mip,505.9574501616358,1.0025749206542969,-148515.10552599723,-0.2463312348626293,505.9574501616358,1.0025749206542969,-148515.10552599723,-0.2463312348626293
19,mip_wi,88.93438792105607,2.639993667602539,296539.0323661761,0.5292587739588978,88.93438792105607,2.639993667602539,296539.0323661761,0.5292587739588978
20,mip,437.0755351647789,0.9216194152832031,-166221.2588189926,-0.29666940957644794,437.0755351647789,0.9216194152832031,-166221.2588189926,-0.29666940957644794
22,mip_wi,104.4619352405235,2.299114227294922,274040.71776017366,0.4890671185421969,104.4619352405235,2.299114227294922,274040.71776017366,0.4890671185421969
23,mip,489.01118856694393,1.0622081756591797,-144040.4730461266,-0.2570620150242577,489.01118856694393,1.0622081756591797,-144040.4730461266,-0.2570620150242577
25,mip_wi,81.9988972891907,11.394315719604492,317447.2678732097,0.5494231718302435,81.9988972891907,11.394315719604492,317447.2678732097,0.5494231718302435
26,mip,355.8671370978372,6.032655715942383,126738.1744781684,0.21935261966589634,355.8671370978372,6.032655715942383,126738.1744781684,0.21935261966589634
28,mip_wi,240.54995851110556,3.5175514221191406,188925.7173357249,0.29362693309317695,240.54995851110556,3.5175514221191406,188925.7173357249,0.29362693309317695
29,mip,1003.4479138113672,7.161670684814453,-71214.55944475764,-0.11068113423747128,1003.4479138113672,7.161670684814453,-71214.55944475764,-0.11068113423747128
31,mip_wi,196.04562277432208,3.3487071990966797,207722.54513011884,0.33776874830444714,196.04562277432208,3.3487071990966797,207722.54513011884,0.33776874830444714
32,mip,800.0419909595724,7.3022003173828125,-87845.22493924978,-0.1428413639630048,800.0419909595724,7.3022003173828125,-87845.22493924978,-0.1428413639630048
34,mip_wi,76.11140367634749,2.9865665435791016,341057.8009175829,0.567793904550848,76.11140367634749,2.9865665435791016,341057.8009175829,0.567793904550848
35,mip,613.3115163615752,0.9556350708007812,-117018.96527486593,-0.19481347449364508,613.3115163615752,0.9556350708007812,-117018.96527486593,-0.19481347449364508
37,mip_wi,317.8737381717059,3.580148696899414,156453.35469876838,0.2392935206109713,317.8737381717059,3.580148696899414,156453.35469876838,0.2392935206109713
38,mip,601.6727125791741,0.9713134765625,-130326.7188170599,-0.19933314587888404,601.6727125791741,0.9713134765625,-130326.7188170599,-0.19933314587888404
40,mip_wi,353.6517722307941,3.3769187927246094,143545.37484013935,0.22042137978159157,353.6517722307941,3.3769187927246094,143545.37484013935,0.22042137978159157
41,mip,615.0721724052917,1.0336589813232422,-126435.02536063368,-0.1941475493289,615.0721724052917,1.0336589813232422,-126435.02536063368,-0.1941475493289
43,mip_wi,138.8479064798695,2.9523868560791016,237373.54711512453,0.41865706126487434,138.8479064798695,2.9523868560791016,237373.54711512453,0.41865706126487434
44,mip,458.3101804598737,0.9529037475585938,-158239.44508240052,-0.2790878000498195,458.3101804598737,0.9529037475585938,-158239.44508240052,-0.2790878000498195
46,mip_wi,117.87233518184162,3.33013916015625,286033.0215839541,0.45896013333724006,117.87233518184162,3.33013916015625,286033.0215839541,0.45896013333724006
47,mip,566.0613603589672,0.937286376953125,-133720.53712698683,-0.21456402204846725,566.0613603589672,0.937286376953125,-133720.53712698683,-0.21456402204846725
49,mip_wi,97.15485748647001,2.923940658569336,301257.4059008177,0.507191713185496,97.15485748647001,2.923940658569336,301257.4059008177,0.507191713185496
50,mip,513.1678245297012,6.881555557250977,-143753.59492656885,-0.24202104465901325,513.1678245297012,6.881555557250977,-143753.59492656885,-0.24202104465901325
52,mip_wi,96.73187542439702,2.5958805084228516,290062.82331990835,0.5082846112215829,96.73187542439702,2.5958805084228516,290062.82331990835,0.5082846112215829
53,mip,497.5173480580195,0.8435993194580078,-143558.53645484854,-0.25156134817392833,497.5173480580195,0.8435993194580078,-143558.53645484854,-0.25156134817392833
55,mip_wi,141.6920997549374,2.5462799072265625,242105.21334667632,0.4137309568964989,141.6920997549374,2.5462799072265625,242105.21334667632,0.4137309568964989
56,mip,496.1099420573643,0.9699993133544922,-147730.5724579902,-0.25245516303026333,496.1099420573643,0.9699993133544922,-147730.5724579902,-0.25245516303026333
58,mip_wi,214.3369807090142,17.240352630615234,202739.52544369025,0.3181083748233756,214.3369807090142,17.240352630615234,202739.52544369025,0.3181083748233756
59,mip,573.8338298116919,0.9711380004882812,-134504.637492078,-0.21104444999155367,573.8338298116919,0.9711380004882812,-134504.637492078,-0.21104444999155367
61,mip_wi,125.3357932418976,2.7181148529052734,259643.69466563725,0.4437616583224314,125.3357932418976,2.7181148529052734,259643.69466563725,0.4437616583224314
62,mip,523.1082996913987,1.0622577667236328,-138285.4413282374,-0.2363461082492038,523.1082996913987,1.0622577667236328,-138285.4413282374,-0.2363461082492038
64,mip_wi,101.26178481756483,11.847517013549805,291829.0391435537,0.4968322184622315,101.26178481756483,11.847517013549805,291829.0391435537,0.4968322184622315
65,mip,501.302524314249,1.0935001373291016,-146368.2439814149,-0.2491885645894739,501.302524314249,1.0935001373291016,-146368.2439814149,-0.2491885645894739
67,mip_wi,76.84068443715323,2.6740036010742188,327948.3506045564,0.5654574015460311,76.84068443715323,2.6740036010742188,327948.3506045564,0.5654574015460311
68,mip,506.9138972392879,0.8748054504394531,-142528.93347540277,-0.2457522357394306,506.9138972392879,0.8748054504394531,-142528.93347540277,-0.2457522357394306
70,mip_wi,73.37132148356326,2.8143043518066406,323374.2200891439,0.576772063108095,73.37132148356326,2.8143043518066406,323374.2200891439,0.576772063108095
71,mip,480.1096109839361,1.0622539520263672,-147500.10418008192,-0.26308200874254184,480.1096109839361,1.0622539520263672,-147500.10418008192,-0.26308200874254184
73,mip_wi,394.5279683627422,3.3300647735595703,134839.18353833276,0.2022022998924808,394.5279683627422,3.3300647735595703,134839.18353833276,0.2022022998924808
74,mip,656.0598356976639,1.0153961181640625,-119924.6600612395,-0.17983676140632315,656.0598356976639,1.0153961181640625,-119924.6600612395,-0.17983676140632315
76,mip_wi,223.24502255431202,3.2051868438720703,190257.61468127553,0.3093482856182917,223.24502255431202,3.2051868438720703,190257.61468127553,0.3093482856182917
77,mip,533.3323326588638,0.9244003295898438,-141929.68514251735,-0.23076976367402505,533.3323326588638,0.9244003295898438,-141929.68514251735,-0.23076976367402505
79,mip_wi,184.43928368980104,3.314502716064453,219280.96309786945,0.3515501747731541,184.43928368980104,3.314502716064453,219280.96309786945,0.3515501747731541
80,mip,264.6051551592696,66.34746551513672,171053.8120615336,0.2742326405188552,264.6051551592696,66.34746551513672,171053.8120615336,0.2742326405188552
82,mip_wi,178.88380644424856,2.749359130859375,209264.6719676814,0.3585561141997508,178.88380644424856,2.749359130859375,209264.6719676814,0.3585561141997508
83,mip,517.0365136050643,1.0622539520263672,-139947.35770285927,-0.2397871570897995,517.0365136050643,1.0622539520263672,-139947.35770285927,-0.2397871570897995
85,mip_wi,111.05252690148663,12.053937911987305,274101.67813451577,0.4737846109543857,111.05252690148663,12.053937911987305,274101.67813451577,0.4737846109543857
86,mip,268.97587749084954,8.358160018920898,156787.55403791624,0.2710072072447843,268.97587749084954,8.358160018920898,156787.55403791624,0.2710072072447843
88,mip_wi,317.9975987834101,4.126964569091797,155193.0886942385,0.23922250580035073,317.9975987834101,4.126964569091797,155193.0886942385,0.23922250580035073
89,mip,597.429582849475,1.1610603332519531,-130418.35908405145,-0.20103347980865965,597.429582849475,1.1610603332519531,-130418.35908405145,-0.20103347980865965
91,mip_wi,87.90165469499743,3.043550491333008,310776.16119103663,0.5321668027630919,87.90165469499743,3.043550491333008,310776.16119103663,0.5321668027630919
92,mip,486.82716651268424,1.0806808471679688,-150967.32229213987,-0.2585133844179503,486.82716651268424,1.0806808471679688,-150967.32229213987,-0.2585133844179503
94,mip_wi,125.93796932892585,2.9055233001708984,257937.04254855367,0.44257634932413814,125.93796932892585,2.9055233001708984,257937.04254855367,0.44257634932413814
95,mip,458.70382336091086,0.9059944152832031,-162476.10830664224,-0.2787815280669163,458.70382336091086,0.9059944152832031,-162476.10830664224,-0.2787815280669163
97,mip_wi,120.11194926845464,2.936807632446289,273923.99510260375,0.45429111275958645,120.11194926845464,2.936807632446289,273923.99510260375,0.45429111275958645
98,mip,3500.460602099213,62.34731674194336,-17730.04516279059,-0.029404513990330953,3500.460602099213,62.34731674194336,-17730.04516279059,-0.029404513990330953
100,mip_wi,66.45730276433598,2.752096176147461,323775.35615973885,0.6007291553463425,66.45730276433598,2.752096176147461,323775.35615973885,0.6007291553463425
101,mip,430.7015768136697,1.0153961181640625,-162977.93616909784,-0.3023874302732579,430.7015768136697,1.0153961181640625,-162977.93616909784,-0.3023874302732579
103,mip_wi,347.1525726718062,3.72064208984375,146614.08181017736,0.22362566086789581,347.1525726718062,3.72064208984375,146614.08181017736,0.22362566086789581
104,mip,645.1541497649473,1.0013790130615234,-120263.74553813721,-0.18343435529770177,645.1541497649473,1.0013790130615234,-120263.74553813721,-0.18343435529770177
106,mip_wi,200.24025670042494,3.2832374572753906,211248.8559292074,0.3330492250622222,200.24025670042494,3.2832374572753906,211248.8559292074,0.3330492250622222
107,mip,570.6685721916035,0.9684810638427734,-134763.02093891278,-0.21246372906175542,570.6685721916035,0.9684810638427734,-134763.02093891278,-0.21246372906175542
109,mip_wi,84.76657171718351,2.764963150024414,302519.94031872164,0.541199785130335,84.76657171718351,2.764963150024414,302519.94031872164,0.541199785130335
110,mip,449.7409174629179,1.0622596740722656,-159826.92561506183,-0.2859259383357762,449.7409174629179,1.0622596740722656,-159826.92561506183,-0.2859259383357762
112,mip_wi,163.46791560168853,3.4054508209228516,240260.52041602015,0.3795329667296636,163.46791560168853,3.4054508209228516,240260.52041602015,0.3795329667296636
113,mip,705.4821980498083,7.317874908447266,-104546.32386579111,-0.16514896575083843,705.4821980498083,7.317874908447266,-104546.32386579111,-0.16514896575083843
115,mip_wi,223.79222393680163,3.077404022216797,191516.35646029696,0.30882492872872297,223.79222393680163,3.077404022216797,191516.35646029696,0.30882492872872297
116,mip,570.4921559921123,1.0778274536132812,-131807.8067868289,-0.2125433946696367,570.4921559921123,1.0778274536132812,-131807.8067868289,-0.2125433946696367
118,mip_wi,280.39960330025883,3.499176025390625,168232.56484375603,0.2628684598266369,280.39960330025883,3.499176025390625,168232.56484375603,0.2628684598266369
119,mip,578.9784358663941,1.0465869903564453,-133615.12556498343,-0.20877766619934818,578.9784358663941,1.0465869903564453,-133615.12556498343,-0.20877766619934818
121,mip_wi,392.5850895344412,3.455047607421875,133213.102227274,0.20299973715657135,392.5850895344412,3.455047607421875,133213.102227274,0.20299973715657135
122,mip,695.9998671396016,8.55047607421875,-110098.66153237908,-0.16777628460473862,695.9998671396016,8.55047607421875,-110098.66153237908,-0.16777628460473862
124,mip_wi,101.21552002219538,2.4553260803222656,283549.99485861976,0.49695602526738847,101.21552002219538,2.4553260803222656,283549.99485861976,0.49695602526738847
125,mip,501.2371526021514,0.9059963226318359,-142203.5844236409,-0.2492291637289014,501.2371526021514,0.9059963226318359,-142203.5844236409,-0.2492291637289014
127,mip_wi,117.4024239988836,2.9992904663085938,278162.53581027803,0.45995330095884834,117.4024239988836,2.9992904663085938,278162.53581027803,0.45995330095884834
128,mip,571.6583812683623,8.753438949584961,-128214.00385312631,-0.21200717821187237,571.6583812683623,8.753438949584961,-128214.00385312631,-0.21200717821187237
130,mip_wi,249.45247967890012,3.0148658752441406,178367.22111503908,0.28614733875805587,249.45247967890012,3.0148658752441406,178367.22111503908,0.28614733875805587
131,mip,538.5835264468521,1.1091194152832031,-142125.83193021163,-0.22800673981109507,538.5835264468521,1.1091194152832031,-142125.83193021163,-0.22800673981109507
133,mip_wi,138.4653560482051,2.6572608947753906,234166.72913934826,0.4193280391047835,138.4653560482051,2.6572608947753906,234166.72913934826,0.4193280391047835
134,mip,450.8991659746289,1.0310173034667969,-159143.51662116608,-0.28498215355470646,450.8991659746289,1.0310173034667969,-159143.51662116608,-0.28498215355470646
136,mip_wi,157.6707873741464,3.0958118438720703,242400.96773924868,0.3880720968720972,157.6707873741464,3.0958118438720703,242400.96773924868,0.3880720968720972
137,mip,542.2836171839588,1.002634048461914,-141228.08793160884,-0.22609926326619312,542.2836171839588,1.002634048461914,-141228.08793160884,-0.22609926326619312
139,mip_wi,319.0410384329012,3.615415573120117,155906.71090738132,0.23862768714415175,319.0410384329012,3.615415573120117,155906.71090738132,0.23862768714415175
140,mip,614.8427127622344,1.2957096099853516,-126902.2749290049,-0.19423407872179035,614.8427127622344,1.2957096099853516,-126902.2749290049,-0.19423407872179035
142,mip_wi,198.94616032845622,4.090059280395508,213007.2466264289,0.33449095212558133,198.94616032845622,4.090059280395508,213007.2466264289,0.33449095212558133
143,mip,555.0603081616256,1.2027816772460938,-139939.7350483813,-0.21975109278149255,555.0603081616256,1.2027816772460938,-139939.7350483813,-0.21975109278149255
145,mip_wi,172.10480721073574,3.4806880950927734,227313.9597568766,0.36748658150322766,172.10480721073574,3.4806880950927734,227313.9597568766,0.36748658150322766
146,mip,3656.8196784469897,7.980937957763672,-17390.028756226377,-0.028113549324922757,3656.8196784469897,7.980937957763672,-17390.028756226377,-0.028113549324922757
148,mip_wi,209.56542928589897,3.1046924591064453,190047.96839366824,0.3230176556587858,209.56542928589897,3.1046924591064453,190047.96839366824,0.3230176556587858
149,mip,540.5142834355465,1.1140193939208984,-133560.17387561867,-0.22700739512940518,540.5142834355465,1.1140193939208984,-133560.17387561867,-0.22700739512940518
