,Method,F_Mip_Gap,F_Time_Passed,F_Obj_Val,F_Norm_Obj_Val,L_Mip_Gap,L_Time_Passed,L_Obj_Val,L_Norm_Obj_Val
1,mip_wi,61.994664320068935,601.938793182373,376188.76453421265,0.6164283530855804,61.994664320068935,601.938793182373,376188.76453421265,0.6164283530855804
2,mip,50.57742478168018,600.0826148986816,404647.0330330742,0.6630604836441344,50.57742478168018,600.0826148986816,404647.0330330742,0.6630604836441344
7,mip_wi,34.93192404386839,600.0739727020264,433824.6666796541,0.7410611981783929,34.93192404386839,600.0739727020264,433824.6666796541,0.7410611981783929
8,mip,39.88133200691861,600.1161670684814,418441.2748818711,0.7147832208449123,39.88133200691861,600.1161670684814,418441.2748818711,0.7147832208449123
13,mip_wi,38.352511319195315,600.0655364990234,422603.487517761,0.722383892419793,38.352511319195315,600.0655364990234,422603.487517761,0.722383892419793
14,mip,52.24215762587773,600.0578746795654,384176.7157601408,0.6566984880743543,52.24215762587773,600.0578746795654,384176.7157601408,0.6566984880743543
19,mip_wi,40.18799699914136,600.0676593780518,420297.92383605044,0.7122702320747208,40.18799699914136,600.0676593780518,420297.92383605044,0.7122702320747208
20,mip,45.480173590169784,602.3818283081055,405521.2433995508,0.6872284961847639,45.480173590169784,602.3818283081055,405521.2433995508,0.6872284961847639
25,mip_wi,92.05941072678638,600.0894260406494,328432.9108926219,0.5204308309575162,92.05941072678638,600.0894260406494,328432.9108926219,0.5204308309575162
26,mip,55.624994365484625,600.1107788085938,405469.4103099473,0.6425019391690944,55.624994365484625,600.1107788085938,405469.4103099473,0.6425019391690944
31,mip_wi,33.84478881005612,600.099630355835,420275.74601243035,0.7464965574837946,33.84478881005612,600.099630355835,420275.74601243035,0.7464965574837946
32,mip,62.21915616176177,600.1940383911133,346784.5773692364,0.6159610580691254,62.21915616176177,600.1940383911133,346784.5773692364,0.6159610580691254
37,mip_wi,45.94595520597583,600.105052947998,415999.76843284507,0.6842243419020049,45.94595520597583,600.105052947998,415999.76843284507,0.6842243419020049
38,mip,70.22599314687248,600.0895385742188,357099.15531560284,0.5873463234367723,70.22599314687248,600.0895385742188,357099.15531560284,0.5873463234367723
43,mip_wi,38.99418387605396,600.2025127410889,424728.9603839553,0.7189132458264532,38.99418387605396,600.2025127410889,424728.9603839553,0.7189132458264532
44,mip,43.85462760671024,600.1179428100586,410630.82585282007,0.6950501787855006,43.85462760671024,600.1179428100586,410630.82585282007,0.6950501787855006
49,mip_wi,53.79413013422422,600.0738334655762,401588.7058394721,0.6497173759753356,53.79413013422422,600.0738334655762,401588.7058394721,0.6497173759753356
50,mip,69.93501255641206,600.07204246521,363699.504924487,0.5884176635124888,69.93501255641206,600.07204246521,363699.504924487,0.5884176635124888
55,mip_wi,38.15394885492445,600.07248878479,406062.359272256,0.7229110525209765,38.15394885492445,600.07248878479,406062.359272256,0.7229110525209765
56,mip,43.143112814182565,600.0717277526855,391942.98608266783,0.697774393827187,43.143112814182565,600.0717277526855,391942.98608266783,0.697774393827187
61,mip_wi,45.258804409164156,600.1564750671387,416736.1747954302,0.6875062275628774,45.258804409164156,600.1564750671387,416736.1747954302,0.6875062275628774
62,mip,55.55989819206298,600.0714740753174,389629.57901542133,0.6427873993595571,55.55989819206298,600.0714740753174,389629.57901542133,0.6427873993595571
67,mip_wi,48.147995728278396,600.1671447753906,434413.16990388837,0.674128808114603,48.147995728278396,600.1671447753906,434413.16990388837,0.674128808114603
68,mip,56.94033271071266,600.071949005127,410499.92337589123,0.6370198770395253,56.94033271071266,600.071949005127,410499.92337589123,0.6370198770395253
73,mip_wi,68.62605530105024,600.0590362548828,387442.1379012616,0.5926197675524034,68.62605530105024,600.0590362548828,387442.1379012616,0.5926197675524034
74,mip,66.50060771172123,601.1056480407715,392476.6742570965,0.6003204419836635,66.50060771172123,601.1056480407715,392476.6742570965,0.6003204419836635
79,mip_wi,38.395379833679414,600.2980709075928,423844.0293519324,0.7221785307877862,38.395379833679414,600.2980709075928,423844.0293519324,0.7221785307877862
80,mip,51.72535908931329,600.8475685119629,386786.1053860978,0.6590363482150782,51.72535908931329,600.8475685119629,386786.1053860978,0.6590363482150782
85,mip_wi,35.682229386717765,600.1967506408691,412252.28785102797,0.7367111033746432,35.682229386717765,600.1967506408691,412252.28785102797,0.7367111033746432
86,mip,38.59961343425397,600.1833343505859,403395.51312067016,0.7208836974966668,38.59961343425397,600.1833343505859,403395.51312067016,0.7208836974966668
91,mip_wi,50.21053445210132,600.0853424072266,404473.26420077693,0.665190036933652,50.21053445210132,600.0853424072266,404473.26420077693,0.665190036933652
92,mip,63.250724123692535,600.1436367034912,372118.2375927442,0.6119794955968502,63.250724123692535,600.1436367034912,372118.2375927442,0.6119794955968502
97,mip_wi,51.29456662937068,600.152961730957,415677.1660483852,0.6604780223952782,51.29456662937068,600.152961730957,415677.1660483852,0.6604780223952782
98,mip,53.1153299859302,600.9990463256836,410988.4156652332,0.6530279702069199,53.1153299859302,600.9990463256836,410988.4156652332,0.6530279702069199
103,mip_wi,35.57060911318788,600.0914669036865,465954.2163161138,0.7370877249995018,35.57060911318788,600.0914669036865,465954.2163161138,0.7370877249995018
104,mip,40.498829476680555,600.0645771026611,449437.6701910152,0.7109603867720502,40.498829476680555,600.0645771026611,449437.6701910152,0.7109603867720502
109,mip_wi,53.610038366439206,600.0678882598877,430592.2816294792,0.6505532603955843,53.610038366439206,600.0678882598877,430592.2816294792,0.6505532603955843
110,mip,54.50551006688501,600.0834331512451,428220.1770797454,0.6469694052856211,54.50551006688501,600.0834331512451,428220.1770797454,0.6469694052856211
115,mip_wi,57.64624380530443,600.0523166656494,420897.9128019527,0.6339116627790714,57.64624380530443,600.0523166656494,420897.9128019527,0.6339116627790714
116,mip,84.04925183784128,600.1002941131592,360616.0117106681,0.5431214759096001,84.04925183784128,600.1002941131592,360616.0117106681,0.5431214759096001
121,mip_wi,53.08706560677835,600.1668186187744,388737.4376807277,0.653114906595785,53.08706560677835,600.1668186187744,388737.4376807277,0.653114906595785
122,mip,78.031399608404,600.1154079437256,334300.02948966314,0.5616550179415197,78.031399608404,600.1154079437256,334300.02948966314,0.5616550179415197
127,mip_wi,53.320121945609124,600.0695972442627,401511.71278697194,0.6517446266845722,53.320121945609124,600.0695972442627,401511.71278697194,0.6517446266845722
128,mip,45.82666246770711,600.0940952301025,422151.70632270817,0.6852480201182217,45.82666246770711,600.0940952301025,422151.70632270817,0.6852480201182217
133,mip_wi,49.96095849773987,600.094690322876,434911.0623032409,0.6666873672236927,49.96095849773987,600.094690322876,434911.0623032409,0.6666873672236927
134,mip,59.396243952840265,600.1476402282715,409131.3223505913,0.6271688806951533,59.396243952840265,600.1476402282715,409131.3223505913,0.6271688806951533
139,mip_wi,72.00353542650856,600.2035675048828,375373.8906117171,0.580908192944349,72.00353542650856,600.2035675048828,375373.8906117171,0.580908192944349
140,mip,160.8934648331112,600.0725479125977,247636.0301634431,0.3832280358011339,160.8934648331112,600.0725479125977,247636.0301634431,0.3832280358011339
145,mip_wi,34.2520441509588,600.0731334686279,419971.84805115865,0.743765150628477,34.2520441509588,600.0731334686279,419971.84805115865,0.743765150628477
146,mip,49.13688229929594,600.2330303192139,377934.35094966635,0.6693172429679451,49.13688229929594,600.2330303192139,377934.35094966635,0.6693172429679451
151,mip_wi,34.768397360085636,600.1931171417236,419714.65473773447,0.7409787479590725,34.768397360085636,600.1931171417236,419714.65473773447,0.7409787479590725
152,mip,35.39360796597955,600.0692520141602,418160.9263040492,0.738235742118164,35.39360796597955,600.0692520141602,418160.9263040492,0.738235742118164
157,mip_wi,59.765328869085735,600.0689926147461,403982.5024260738,0.6255234916036317,59.765328869085735,600.0689926147461,403982.5024260738,0.6255234916036317
158,mip,59.42691971426153,600.0631713867188,405027.6075304272,0.6271417245469944,59.42691971426153,600.0631713867188,405027.6075304272,0.6271417245469944
163,mip_wi,39.633164372299326,600.1330032348633,414635.95201456436,0.7159750851479492,39.633164372299326,600.1330032348633,414635.95201456436,0.7159750851479492
164,mip,61.81569994274469,600.1158924102783,357852.92016958084,0.6179246487045055,61.81569994274469,600.1158924102783,357852.92016958084,0.6179246487045055
169,mip_wi,49.88914290184062,600.1301727294922,424565.98017186346,0.6662747953252149,49.88914290184062,600.1301727294922,424565.98017186346,0.6662747953252149
170,mip,64.2086307587404,600.0511894226074,387985.22094318946,0.6088683166948272,64.2086307587404,600.0511894226074,387985.22094318946,0.6088683166948272
175,mip_wi,64.51148758000443,600.743860244751,378298.93993311573,0.6077293969449262,64.51148758000443,600.743860244751,378298.93993311573,0.6077293969449262
176,mip,70.10599021130179,600.1635456085205,365900.7543716104,0.5878119691143404,70.10599021130179,600.1635456085205,365900.7543716104,0.5878119691143404
181,mip_wi,66.15972461655856,600.1902198791504,398064.1804050134,0.6014031046046303,66.15972461655856,600.1902198791504,398064.1804050134,0.6014031046046303
182,mip,73.21297975331652,600.1264591217041,382068.7484025244,0.5772368948843749,73.21297975331652,600.1264591217041,382068.7484025244,0.5772368948843749
187,mip_wi,38.934308068589544,600.0646991729736,416520.50405984675,0.7191893727791101,38.934308068589544,600.0646991729736,416520.50405984675,0.7191893727791101
188,mip,45.6127843263823,600.081241607666,397427.97075775627,0.6862230555955464,45.6127843263823,600.081241607666,397427.97075775627,0.6862230555955464
193,mip_wi,48.74553763420757,600.050127029419,409403.0503681167,0.6722265796354433,48.74553763420757,600.050127029419,409403.0503681167,0.6722265796354433
194,mip,41.064282509538266,600.4735565185547,431707.12475328706,0.708849149062799,41.064282509538266,600.4735565185547,431707.12475328706,0.708849149062799
199,mip_wi,37.15601401026531,600.1151638031006,421424.05445321323,0.728287328980361,37.15601401026531,600.1151638031006,421424.05445321323,0.728287328980361
200,mip,35.583610209008235,600.0803756713867,426578.86046866636,0.7371956479639017,35.583610209008235,600.0803756713867,426578.86046866636,0.7371956479639017
205,mip_wi,43.98011823240084,600.3660106658936,409728.8044380072,0.6940059167744982,43.98011823240084,600.3660106658936,409728.8044380072,0.6940059167744982
206,mip,81.39436038592453,600.5130443572998,325438.33110934705,0.5512332178961501,81.39436038592453,600.5130443572998,325438.33110934705,0.5512332178961501
211,mip_wi,40.23448791984759,600.1971950531006,402871.9867784589,0.7124832960792913,40.23448791984759,600.1971950531006,402871.9867784589,0.7124832960792913
212,mip,37.654171506533295,600.1877002716064,410451.11822901876,0.7258870688272898,37.654171506533295,600.1877002716064,410451.11822901876,0.7258870688272898
217,mip_wi,38.675667012688,600.2012996673584,410321.87739238085,0.720346889323098,38.675667012688,600.2012996673584,410321.87739238085,0.720346889323098
218,mip,74.00678330250604,600.1165351867676,327310.44833827775,0.5746148969726005,74.00678330250604,600.1165351867676,327310.44833827775,0.5746148969726005
223,mip_wi,86.65248325601036,600.0995864868164,357617.6235318681,0.5352892433829584,86.65248325601036,600.0995864868164,357617.6235318681,0.5352892433829584
224,mip,76.40690900674298,600.2057075500488,378682.5733615841,0.5668196834795266,76.40690900674298,600.2057075500488,378682.5733615841,0.5668196834795266
229,mip_wi,35.501760219050645,600.0663738250732,414301.6670322971,0.7368891095749963,35.501760219050645,600.0663738250732,414301.6670322971,0.7368891095749963
230,mip,32.0665881547631,600.0479335784912,425408.22118606087,0.7566435528999261,32.0665881547631,600.0479335784912,425408.22118606087,0.7566435528999261
235,mip_wi,44.59495817556689,600.0725212097168,399373.6965472608,0.6909733870806666,44.59495817556689,600.0725212097168,399373.6965472608,0.6909733870806666
236,mip,37.67988176158443,600.0881023406982,419740.08195723296,0.7262101350963271,37.67988176158443,600.0881023406982,419740.08195723296,0.7262101350963271
241,mip_wi,49.577576498823696,600.0638847351074,418452.80936533987,0.6682427173295069,49.577576498823696,600.0638847351074,418452.80936533987,0.6682427173295069
242,mip,46.76813490720459,600.1085319519043,426581.3281812914,0.6812234486804897,46.76813490720459,600.1085319519043,426581.3281812914,0.6812234486804897
247,mip_wi,59.53794567040743,600.1807613372803,410375.57406385534,0.6263733149355613,59.53794567040743,600.1807613372803,410375.57406385534,0.6263733149355613
248,mip,54.872851376809365,600.0894813537598,422918.6406873895,0.645518319455782,54.872851376809365,600.0894813537598,422918.6406873895,0.645518319455782
253,mip_wi,63.55542236411771,600.2071266174316,379201.14633387956,0.6107385141371413,63.55542236411771,600.2071266174316,379201.14633387956,0.6107385141371413
254,mip,51.477238101358225,600.098726272583,409844.92659730336,0.6600931561432865,51.477238101358225,600.098726272583,409844.92659730336,0.6600931561432865
259,mip_wi,56.01957149974193,601.1646862030029,418276.3085905683,0.640496183618116,56.01957149974193,601.1646862030029,418276.3085905683,0.640496183618116
260,mip,66.77782376866008,600.0756511688232,391149.2458974891,0.5989571823148077,66.77782376866008,600.0756511688232,391149.2458974891,0.5989571823148077
265,mip_wi,66.97755955272368,600.209659576416,341417.5924209308,0.5981594483834378,66.97755955272368,600.209659576416,341417.5924209308,0.5981594483834378
266,mip,42.7532881415846,600.2744617462158,399520.7954736268,0.6999555498698029,42.7532881415846,600.2744617462158,399520.7954736268,0.6999555498698029
271,mip_wi,47.453554892477904,600.1255111694336,430766.45779146714,0.6773817809169723,47.453554892477904,600.1255111694336,430766.45779146714,0.6773817809169723
272,mip,56.57682913826455,600.0748748779297,405691.91122912616,0.6379519676182162,56.57682913826455,600.0748748779297,405691.91122912616,0.6379519676182162
277,mip_wi,47.827491177756656,600.2186393737793,420993.1387986928,0.6759728836077028,47.827491177756656,600.2186393737793,420993.1387986928,0.6759728836077028
278,mip,73.61360448542565,600.1138000488281,358356.2818588719,0.575399233104624,73.61360448542565,600.1138000488281,358356.2818588719,0.575399233104624
283,mip_wi,40.67922804884235,600.0720539093018,417116.57684947737,0.7101689280115748,40.67922804884235,600.0720539093018,417116.57684947737,0.7101689280115748
284,mip,38.31919461017426,600.09397315979,424204.4871519089,0.7222365703463374,38.31919461017426,600.09397315979,424204.4871519089,0.7222365703463374
289,mip_wi,46.46173421229503,601.5772171020508,430447.4070450021,0.6817122469660105,46.46173421229503,601.5772171020508,430447.4070450021,0.6817122469660105
290,mip,68.62354363821387,600.1228694915771,374386.108946926,0.5929263166321911,68.62354363821387,600.1228694915771,374386.108946926,0.5929263166321911
295,mip_wi,60.87822961767287,600.2618637084961,373556.9174107881,0.6209384753487343,60.87822961767287,600.2618637084961,373556.9174107881,0.6209384753487343
296,mip,63.048117056308314,603.8867778778076,368935.82211570605,0.6132571402342406,63.048117056308314,603.8867778778076,368935.82211570605,0.6132571402342406
